430563773 5 124330702
430563770 4 124330712
430563771 3 124330718
430563773 2 124330722
430563773 1 124330728
430563773 1 124330733
430563772 1 124330738
430563772 1 124330741
430563775 0 124330745
430563778 0 124330745
430563781 0 124330745
430563780 9 124330741
430563779 39 124330739
430563783 80 124330735
430563784 78 124330731
430563784 101 124330731
430563784 100 124330730
430563778 101 124330732
430563819 101 124330766
430563916 100 124330862
430563910 100 124330850
430563911 101 124330846
430563911 100 124330844
430563913 100 124330846
430563913 100 124330849
430563925 101 124330855
430564059 99 124330995
430564218 99 124331164
430564365 101 124331323
430564530 103 124331498
430564697 102 124331679
430564846 101 124331843
430564989 100 124331988
430564981 98 124331977
430564979 100 124331979
430564976 106 124331978
430564973 158 124331981
430564974 213 124331980
430564975 262 124331982
430564975 308 124331977
430564974 359 124331976
430564975 406 124331978
430564976 460 124331979
430564975 514 124331982
430564974 581 124331983
430564974 651 124331987
430564973 730 124331989
430564971 817 124331985
430564972 911 124331986
430564972 1014 124331986
430564974 1116 124331988
430564973 1210 124331986
430564972 1312 124331987
430564973 1405 124331990
430564970 1500 124331990
430564970 1580 124331991
430564971 1576 124331992
430564968 1575 124331996
430564968 1575 124331995
430564971 1515 124331989
430564972 1470 124331990
430564977 1474 124331985
430564976 1473 124331983
430564975 1475 124331988
430564969 1473 124331990
430564969 1473 124331994
430564970 1474 124331997
430564973 1474 124331996
430564976 1474 124331998
430564980 1474 124331999
430564982 1474 124331998
430564980 1473 124332001
430564980 1475 124332005
430564981 1475 124332001
430564981 1475 124332004
430564986 1474 124332002
430564986 1473 124331994
430564983 1475 124331991
430564977 1475 124331992
430564974 1474 124331994
430564974 1472 124331992
430564974 1471 124331993
430564974 1436 124331993
430564972 1382 124331990
430564972 1385 124331988
430564976 1372 124331989
430564974 1336 124331991
430564974 1337 124331991
430564968 1259 124331989
430564967 1166 124331994
430564968 1075 124331998
430564964 995 124331997
430564969 957 124331993
430564973 904 124331993
430564970 817 124331992
430564963 717 124331999
430564969 607 124332003
430564966 521 124332007
430564961 444 124332009
430564962 378 124332008
430564967 381 124332008
430564966 383 124332012
430564966 383 124332004
430564968 382 124331992
430564949 383 124332024
430564861 382 124332150
430564759 383 124332303
430564659 383 124332441
430564554 382 124332595
430564455 382 124332741
430564343 383 124332904
430564240 384 124333052
430564122 383 124333214
430564074 381 124333292
430564070 384 124333280
430564047 382 124333263
430563893 381 124333194
430563731 382 124333115
430563536 381 124333022
430563424 383 124332980
430563392 381 124332989
430563242 381 124332987
430563059 382 124332974
430562890 380 124332965
430562700 382 124332956
430562537 383 124332960
430562346 381 124332952
430562163 382 124332934
430561974 382 124332928
430561913 383 124332928
430561924 381 124332932
430561828 382 124332968
430561678 381 124333022
430561506 382 124333086
430561346 382 124333151
430561156 381 124333228
430561010 384 124333287
430560847 383 124333357
430560674 382 124333426
430560501 383 124333498
430560328 382 124333570
430560144 381 124333652
430559973 382 124333727
430559803 382 124333800
430559614 383 124333883
430559436 383 124333950
430559275 382 124334013
430559200 383 124334028
430559199 382 124334023
430559198 436 124334025
430559241 443 124333955
430559348 442 124333768
430559429 442 124333624
430559464 443 124333575
430559554 442 124333408
430559655 441 124333221
430559735 441 124333036
430559815 442 124332867
430559813 442 124332863
430559811 442 124332869
430559808 442 124332867
430559872 443 124332816
430560021 443 124332709
430560199 443 124332579
430560385 443 124332442
430560554 443 124332320
430560724 443 124332201
430560909 443 124332069
430560934 441 124332056
430561073 443 124332053
430561260 443 124332045
430561448 442 124332041
430561658 441 124332035
430561846 441 124332030
430561950 440 124332032
430561965 442 124332005
430562123 442 124331884
430562173 440 124331859
430562220 442 124331834
430562399 442 124331754
430562592 442 124331668
430562793 442 124331578
430562976 441 124331497
430563028 440 124331494
430563163 442 124331488
430563351 442 124331455
430563530 442 124331392
430563723 442 124331301
430563900 442 124331216
430564098 443 124331118
430564279 443 124331029
430564406 478 124330982
430564402 538 124330987
430564402 614 124330983
430564404 691 124330986
430564415 705 124330977
430564505 706 124330930
430564573 706 124330907
430564565 707 124330913
430564562 707 124330913
430564563 707 124330915
430564564 707 124330916
430564591 708 124330904
430564713 709 124330837
430564887 707 124330753
430564972 658 124330727
430564946 632 124330733
430564948 596 124330733
430564949 573 124330732
430564946 528 124330727
430564957 523 124330721
430565112 524 124330641
430565286 523 124330556
430565487 523 124330458
430565670 523 124330371
430565871 523 124330275
430566072 524 124330177
430566223 524 124330117
430566216 523 124330132
430566215 522 124330127
430566217 523 124330129
430566221 522 124330129
430566224 523 124330131
430566230 523 124330132
430566233 524 124330131
430566234 522 124330124
430566236 523 124330124
430566237 523 124330128
430566237 523 124330130
430566234 523 124330131
430566233 523 124330130
430566231 523 124330136
430566229 445 124330141
430566225 449 124330137
430566225 450 124330140
430566224 450 124330139
430566223 448 124330136
430566223 369 124330139
430566225 387 124330135
430566222 386 124330131
430566220 386 124330124
430566218 425 124330127
430566217 400 124330128
430566217 340 124330125
430566212 286 124330128
430566226 231 124330147
430566315 255 124330173
430566426 255 124330206
430566485 256 124330186
430566601 256 124330147
430566713 255 124330106
430566852 255 124330053
430566884 254 124330054
430566886 255 124330041
430566954 255 124329934
430567000 255 124329850
430566992 254 124329855
430566996 254 124329856
430567020 254 124329801
430567082 255 124329585
430567147 254 124329356
430567212 257 124329122
430567270 256 124328982
430567358 256 124328784
430567448 256 124328576
430567545 256 124328345
430567599 255 124328205
430567594 255 124328222
430567619 257 124328084
430567632 254 124327986
430567632 256 124327996
430567676 257 124327915
430567736 256 124327787
430567799 256 124327644
430567823 255 124327570
430567854 256 124327400
430567891 256 124327194
430567924 257 124326985
430567958 256 124326850
430567953 255 124326860
430567957 256 124326867
430567961 256 124326851
430567961 255 124326865
430567961 255 124326873
430567959 255 124326891
430567945 252 124326909
430567943 187 124326907
430567956 132 124326903
430567961 185 124326874
430567968 88 124326866
430567977 30 124326853
430567992 9 124326838
430568009 1 124326824
430568023 0 124326801
430568033 -1 124326779
430568040 -1 124326765
430568049 -1 124326748
430568062 -1 124326739
430568073 0 124326728
430568087 0 124326719
430568101 0 124326702
430568115 0 124326691
430568126 0 124326677
430568137 0 124326665
430568150 0 124326660
430568162 0 124326659
430568170 0 124326662
430568180 0 124326664
430568186 1 124326667
430568193 1 124326668
430568203 0 124326671
430568211 0 124326675
430568216 0 124326676
430568221 0 124326678
430568225 0 124326680
430568231 0 124326684
430568236 0 124326684
430568240 0 124326685
430568244 1 124326686
430568247 0 124326686
430568248 0 124326685
430568252 0 124326685
430568252 0 124326686
430568253 0 124326689
430568252 0 124326692
430568251 0 124326694
430568249 0 124326693
430568250 0 124326694
430568249 0 124326695
430568249 0 124326696
430568248 0 124326693
430568247 0 124326685
430568246 0 124326682
430568245 1 124326681
430568242 1 124326679
430568241 0 124326679
430568240 0 124326678
430568240 1 124326679
430568239 1 124326680
430568238 1 124326682
430568237 0 124326685
430568236 0 124326686
430568236 0 124326688
430568238 0 124326694
430568234 1 124326704
430568208 49 124326754
430568134 49 124326803
430568063 58 124326829
430567983 66 124326846
430567932 66 124326894
430567846 67 124326966
430567766 66 124327055
430567675 65 124327195
430567601 64 124327333
430567562 7 124327412
430567548 21 124327416
430567556 21 124327474
430567573 19 124327480
430567580 15 124327489
430567581 13 124327494
430567582 0 124327503
430567585 22 124327504
430567570 56 124327515
430567570 84 124327516
430567582 83 124327711
430567622 82 124328015
430567670 83 124328421
430567715 82 124328802
430567739 82 124328983
430567726 83 124329029
430567675 83 124329190
430567675 83 124329183
430567680 83 124329177
430567676 83 124329174
430567674 83 124329177
430567666 83 124329180
430567665 83 124329181
430567661 82 124329181
430567665 45 124329188
430567675 15 124329188
430567681 58 124329189
430567681 47 124329197
430567685 20 124329208
430567690 10 124329222
430567693 5 124329230
430567698 3 124329234
430567701 3 124329238
430567705 3 124329249
430567706 3 124329253
430567714 3 124329267
430567720 3 124329279
430567725 3 124329288
430567728 3 124329294
430567732 3 124329299
430567734 2 124329303
430567740 2 124329312
430567745 1 124329319
430567750 1 124329324
430567753 1 124329329
430567757 1 124329336
430567761 1 124329340
430567764 1 124329344
430567769 1 124329350
430567771 2 124329352
430567772 2 124329353
430567776 2 124329356
430567778 2 124329358
430567778 1 124329357
430567778 0 124329357
430567778 0 124329357
430567777 1 124329357
430567776 1 124329357
430567775 2 124329355
430567774 0 124329353
430567766 10 124329344
430567755 39 124329335
430567753 72 124329341
430567751 71 124329340
430567664 71 124329425
430567452 70 124329642
430567227 71 124329844
430567123 69 124329924
430566933 72 124329995
430566703 70 124330076
430566540 108 124330131
430566532 166 124330138
430566534 221 124330136
430566535 287 124330137
430566504 306 124330150
430566338 307 124330214
430566130 306 124330289
430565887 305 124330378
430565659 305 124330461
430565452 305 124330534
430565226 338 124330608
430565200 396 124330618
430565206 455 124330622
430565209 472 124330621
430565210 471 124330622
430565213 471 124330621
430565212 471 124330621
430565209 470 124330625
430565184 471 124330637
430565024 472 124330689
430564789 473 124330775
430564523 469 124330857
430564436 444 124330871
430564444 425 124330877
430564442 416 124330880
430564443 476 124330884
430564442 572 124330886
430564442 664 124330888
430564441 784 124330891
430564440 908 124330893
430564440 1031 124330895
430564440 1156 124330897
430564439 1188 124330896
430564437 1190 124330897
430564434 1218 124330898
430564432 1323 124330893
430564434 1363 124330891
430564435 1363 124330895
430564436 1361 124330894
430564436 1322 124330897
430564437 1253 124330897
430564435 1166 124330900
430564438 1074 124330903
430564442 991 124330902
430564443 857 124330900
430564443 727 124330895
430564448 586 124330892
430564447 456 124330894
430564451 356 124330894
430564450 298 124330894
430564453 299 124330894
430564453 273 124330896
430564453 207 124330899
430564454 148 124330901
430564455 100 124330901
430564455 106 124330899
430564454 100 124330899
430564453 38 124330897
430564452 14 124330896
430564450 4 124330897
430564446 0 124330898
430564443 0 124330898
430564439 0 124330898
430564436 0 124330897
430564433 0 124330896
430564431 0 124330896
430564429 0 124330896
430564427 0 124330895
430564442 35 124330896
430564563 34 124330898
430564668 30 124330811
430564773 44 124330728
430564888 58 124330661
430565022 65 124330583
430565140 64 124330516
430565270 65 124330428
430565384 68 124330346
430565497 67 124330267
430565613 65 124330202
430565719 70 124330131
430565829 70 124330045
430565969 67 124329956
430566084 66 124329896
430566198 68 124329829
430566334 68 124329758
430566455 68 124329695
430566585 70 124329654
430566684 68 124329605
430566776 66 124329534
430566896 65 124329432
430566976 63 124329317
430567054 63 124329197
430567128 60 124329084
430567194 58 124328948
430567247 57 124328793
430567285 58 124328620
430567314 58 124328469
430567348 54 124328285
430567383 59 124328119
430567451 57 124327965
430567525 56 124327802
430567594 56 124327661
430567653 61 124327533
430567680 64 124327331
430567726 73 124327156
430567754 69 124327030
430567793 67 124326907
430567823 63 124326785
430567871 66 124326694
430567921 79 124326591
430567940 82 124326502
430567989 45 124326462
430568049 29 124326476
430568077 16 124326501
430568127 9 124326535
430568174 5 124326564
430568192 2 124326582
430568188 1 124326611
430568196 0 124326632
430568204 0 124326645
430568211 0 124326668
430568215 -1 124326690
430568224 -1 124326701
430568234 -1 124326708
430568244 -1 124326713
430568251 -1 124326710
430568258 -1 124326706
430568267 -1 124326699
430568273 -1 124326694
430568281 0 124326693
430568287 -1 124326690
430568294 -1 124326687
430568298 0 124326683
430568302 0 124326678
430568305 0 124326675
430568308 0 124326673
430568311 0 124326673
430568316 0 124326675
430568320 0 124326680
430568323 0 124326681
430568326 0 124326684
430568329 0 124326687
430568331 0 124326688
430568332 0 124326689
430568334 0 124326692
430568336 0 124326699
430568337 0 124326707
430568335 0 124326706
430568334 0 124326704
430568334 0 124326697
430568331 0 124326693
430568334 0 124326695
430568331 1 124326698
430568331 1 124326701
430568330 1 124326711
430568332 1 124326714
430568335 0 124326715
430568335 0 124326711
430568334 0 124326709
430568333 0 124326707
430568335 -1 124326705
430568335 -1 124326703
430568336 -1 124326699
430568338 0 124326692
430568340 0 124326691
430568344 0 124326694
430568346 0 124326695
430568348 0 124326701
430568350 0 124326708
430568355 0 124326707
430568359 0 124326705
430568357 0 124326693
430568355 0 124326690
430568356 0 124326683
430568360 0 124326673
430568361 0 124326672
430568362 0 124326669
430568358 0 124326666
430568360 0 124326667
430568361 0 124326662
430568357 0 124326662
430568352 1 124326660
430568350 1 124326662
430568342 1 124326668
430568338 1 124326670
430568340 0 124326675
430568340 0 124326681
430568337 0 124326675
430568329 0 124326675
430568318 0 124326670
430568304 0 124326662
430568291 0 124326649
430568279 0 124326634
430568267 0 124326627
430568253 0 124326611
430568237 0 124326596
430568226 0 124326598
430568212 0 124326595
430568198 0 124326595
430568191 0 124326581
430568180 0 124326568
430568170 0 124326558
430568162 0 124326550
430568155 0 124326542
430568143 0 124326532
430568132 -1 124326535
430568121 0 124326533
430568109 0 124326523
430568099 0 124326523
430568085 0 124326518
430568073 0 124326516
430568065 0 124326512
430568055 0 124326519
430568047 0 124326522
430568039 0 124326518
430568033 0 124326508
430568027 0 124326497
430568022 0 124326484
430568019 0 124326469
430568016 1 124326459
430568016 1 124326455
430568011 1 124326437
430568010 1 124326426
430568008 2 124326415
430568006 1 124326408
430568006 1 124326398
430568007 0 124326387
430568009 0 124326374
430568011 0 124326362
430568011 0 124326353
430568011 0 124326342
430568011 0 124326331
430568010 0 124326325
430568009 0 124326318
430568010 1 124326312
430568011 1 124326306
430568015 2 124326296
430568019 1 124326288
430568022 1 124326281
430568017 1 124326285
430568017 2 124326275
430568017 1 124326264
430568019 1 124326249
430568020 1 124326236
430568024 1 124326224
430568025 1 124326219
430568026 0 124326210
430568029 0 124326206
430568032 0 124326203
430568031 1 124326205
430568032 0 124326205
430568033 0 124326201
430568029 0 124326210
430568024 1 124326225
430568020 2 124326230
430568020 2 124326228
430568024 2 124326224
430568027 2 124326223
430568031 2 124326221
430568033 2 124326221
430568033 2 124326221
430568033 2 124326224
430568033 2 124326228
430568032 1 124326230
430568031 0 124326233
430568032 0 124326236
430568029 0 124326248
430568027 0 124326258
430568024 0 124326268
430568017 0 124326278
430568011 0 124326287
430568005 1 124326297
430568003 1 124326305
430568001 1 124326313
430568001 1 124326319
430568001 1 124326325
430567997 1 124326337
430567994 1 124326346
430567990 1 124326354
430567988 1 124326357
430567987 0 124326357
430567991 0 124326347
430567998 1 124326332
430568003 1 124326318
430568009 0 124326302
430568011 0 124326292
430568013 0 124326284
430568014 1 124326278
430568015 1 124326270
430568020 1 124326260
430568025 1 124326249
430568028 1 124326245
430568030 1 124326239
430568032 0 124326233
430568035 0 124326226
430568039 0 124326220
430568043 0 124326214
430568048 0 124326207
430568051 0 124326203
430568054 0 124326202
430568056 0 124326202
430568059 0 124326204
430568065 0 124326204
430568068 0 124326209
430568071 0 124326213
430568075 0 124326219
430568083 0 124326225
430568089 0 124326233
430568095 0 124326241
430568101 0 124326249
430568108 0 124326250
430568115 0 124326252
430568123 0 124326256
430568130 0 124326259
430568137 0 124326256
430568143 0 124326252
430568149 0 124326248
430568156 1 124326243
430568163 1 124326234
430568172 1 124326226
430568180 1 124326214
430568189 0 124326204
430568197 0 124326191
430568205 0 124326177
430568214 0 124326166
430568219 0 124326156
430568225 0 124326150
430568230 0 124326146
430568233 0 124326143
430568237 0 124326144
430568240 0 124326146
430568246 0 124326148
430568249 0 124326152
430568251 0 124326158
430568252 0 124326161
430568254 0 124326161
430568253 0 124326167
430568251 0 124326174
430568250 -1 124326180
430568247 -1 124326187
430568246 -1 124326196
430568245 0 124326202
430568244 0 124326209
430568242 0 124326214
430568240 0 124326219
430568238 0 124326224
430568237 0 124326229
430568236 0 124326234
430568235 0 124326241
430568233 0 124326246
430568232 0 124326250
430568231 0 124326250
430568230 0 124326250
430568229 0 124326251
430568228 0 124326254
430568228 0 124326255
430568228 0 124326256
430568228 1 124326256
430568229 1 124326255
430568230 1 124326253
430568232 1 124326250
430568232 0 124326248
430568233 0 124326247
430568233 0 124326247
430568235 0 124326249
430568236 0 124326251
430568236 0 124326255
430568237 0 124326258
430568237 0 124326262
430568237 0 124326264
430568235 0 124326265
430568234 0 124326266
430568233 0 124326267
430568232 0 124326270
430568232 0 124326272
430568231 0 124326276
430568230 0 124326279
430568230 0 124326284
430568228 0 124326289
430568227 0 124326292
430568225 0 124326297
430568223 0 124326299
430568224 0 124326302
430568227 0 124326300
430568229 0 124326298
430568229 0 124326295
430568227 0 124326299
430568226 0 124326303
430568227 0 124326311
430568225 0 124326319
430568224 0 124326323
430568221 0 124326329
430568217 0 124326336
430568213 0 124326341
430568210 0 124326350
430568207 0 124326358
430568204 0 124326367
430568200 0 124326375
430568198 0 124326383
430568198 0 124326389
430568195 0 124326393
430568191 0 124326400
430568188 0 124326411
430568184 0 124326423
430568179 0 124326437
430568174 0 124326447
430568169 0 124326460
430568162 0 124326472
430568157 0 124326483
430568149 0 124326494
430568141 0 124326505
430568133 0 124326513
430568126 0 124326521
430568120 0 124326528
430568113 0 124326535
430568107 0 124326545
430568101 0 124326552
430568096 0 124326558
430568090 0 124326564
430568085 0 124326568
430568078 0 124326571
430568072 0 124326572
430568067 0 124326575
430568061 0 124326577
430568055 0 124326580
430568047 0 124326581
430568042 0 124326584
430568035 0 124326585
430568028 0 124326587
430568023 0 124326588
430568016 0 124326589
430568010 0 124326592
430568004 0 124326595
430567998 0 124326597
430567992 0 124326597
430567989 0 124326599
430567986 0 124326596
430567985 0 124326593
430567983 0 124326589
430567981 0 124326584
430567979 0 124326581
430567979 0 124326577
430567980 0 124326572
430567979 0 124326563
430567976 0 124326556
430567973 0 124326551
430567973 0 124326549
430567973 0 124326543
430567974 0 124326538
430567974 0 124326533
430567974 0 124326531
430567976 0 124326528
430567978 0 124326526
430567981 1 124326526
430567982 0 124326525
430567983 0 124326524
430567983 0 124326524
430567985 0 124326522
430567989 0 124326520
430567991 0 124326519
430567994 0 124326518
430567997 0 124326516
430568001 0 124326514
430568002 0 124326514
430568005 0 124326512
430568009 0 124326509
430568010 0 124326505
430568012 0 124326501
430568013 0 124326497
430568014 0 124326493
430568015 0 124326490
430568016 0 124326485
430568018 0 124326482
430568020 0 124326480
430568025 0 124326474
430568029 0 124326464
430568032 0 124326456
430568036 0 124326451
430568038 0 124326444
430568041 0 124326433
430568043 0 124326425
430568043 0 124326419
430568043 0 124326410
430568042 0 124326403
430568040 0 124326398
430568038 0 124326393
430568037 0 124326387
430568035 0 124326379
430568032 0 124326373
430568030 0 124326366
430568028 0 124326362
430568026 0 124326358
430568023 0 124326355
430568019 0 124326351
430568015 0 124326352
430568011 0 124326349
430568003 0 124326354
430567996 0 124326364
430568002 0 124326352
430568010 1 124326338
430568019 2 124326329
430568024 2 124326324
430568026 1 124326317
430568029 1 124326311
430568030 1 124326310
430568033 1 124326305
430568035 1 124326300
430568038 0 124326298
430568034 0 124326302
430568029 1 124326303
430568022 1 124326303
430568016 1 124326299
430568017 1 124326296
430568021 1 124326294
430568029 1 124326290
430568036 1 124326286
430568038 1 124326285
430568040 0 124326286
430568049 0 124326287
430568055 1 124326281
430568061 1 124326274
430568063 1 124326276
430568062 1 124326279
430568067 1 124326276
430568070 1 124326264
430568072 1 124326257
430568081 1 124326234
430568092 1 124326218
430568095 1 124326200
430568098 0 124326184
430568107 1 124326167
430568111 1 124326154
430568115 1 124326137
430568119 1 124326121
430568124 1 124326097
430568124 0 124326085
430568121 0 124326094
430568122 0 124326097
430568125 0 124326098
430568131 0 124326095
430568132 0 124326094
430568138 0 124326083
430568146 0 124326075
430568152 0 124326069
430568153 0 124326069
430568154 0 124326074
430568158 0 124326076
430568168 0 124326068
430568182 1 124326046
430568187 1 124326055
430568189 1 124326064
430568188 1 124326071
430568186 1 124326079
430568181 1 124326090
430568176 1 124326103
430568169 1 124326114
430568162 1 124326117
430568156 1 124326126
430568152 1 124326118
430568150 1 124326114
430568149 1 124326122
430568148 1 124326126
430568148 1 124326137
430568147 2 124326143
430568148 1 124326152
430568149 0 124326165
430568150 0 124326166
430568150 -1 124326171
430568153 0 124326182
430568161 0 124326181
430568174 1 124326185
430568182 2 124326198
430568194 2 124326203
430568209 2 124326205
430568220 2 124326205
430568231 2 124326202
430568247 2 124326198
430568258 3 124326184
430568271 3 124326177
430568284 3 124326173
430568297 2 124326170
430568310 2 124326160
430568316 2 124326146
430568326 2 124326143
430568337 1 124326138
430568357 1 124326137
430568367 2 124326136
430568374 2 124326143
430568379 1 124326150
430568382 1 124326156
430568387 1 124326153
430568384 1 124326159
430568384 1 124326163
430568382 1 124326170
430568380 1 124326173
430568378 1 124326171
430568376 1 124326163
430568372 1 124326154
430568370 0 124326147
430568368 0 124326141
430568366 0 124326139
430568364 0 124326132
430568365 0 124326106
430568366 0 124326080
430568365 1 124326065
430568360 1 124326062
430568355 1 124326057
430568352 1 124326055
430568352 1 124326049
430568344 1 124326053
430568342 1 124326050
430568342 1 124326049
430568344 1 124326056
430568336 1 124326071
430568333 0 124326083
430568337 0 124326090
430568340 0 124326087
430568343 0 124326081
430568345 0 124326074
430568349 0 124326070
430568353 0 124326060
430568358 0 124326053
430568363 0 124326035
430568364 1 124326016
430568362 1 124326015
430568364 1 124326011
430568363 1 124326015
430568364 1 124326015
430568362 1 124326019
430568362 1 124326022
430568363 1 124326019
430568364 1 124326019
430568365 1 124326027
430568367 1 124326031
430568369 2 124326036
430568371 2 124326039
430568373 1 124326038
430568374 1 124326036
430568373 1 124326033
430568369 1 124326030
430568363 1 124326032
430568356 1 124326032
430568346 1 124326035
430568336 0 124326039
430568330 0 124326041
430568320 0 124326041
430568309 1 124326042
430568301 1 124326043
430568297 1 124326043
430568293 1 124326044
430568291 0 124326042
430568287 1 124326042
430568285 0 124326040
430568283 0 124326038
430568280 0 124326037
430568280 0 124326035
430568281 1 124326032
430568281 1 124326027
430568283 1 124326022
430568284 1 124326017
430568288 0 124326012
430568295 0 124326004
430568301 0 124325998
430568307 0 124325995
430568314 0 124325990
430568320 0 124325987
430568329 0 124325983
430568335 0 124325982
430568342 0 124325979
430568351 0 124325975
430568359 0 124325970
430568366 0 124325966
430568374 1 124325962
430568383 1 124325957
430568392 1 124325952
430568401 1 124325947
430568409 1 124325941
430568415 1 124325937
430568425 1 124325931
430568433 1 124325926
430568438 1 124325924
430568441 0 124325920
430568447 0 124325915
430568449 0 124325912
430568452 1 124325909
430568455 1 124325906
430568456 1 124325906
430568455 1 124325907
430568452 1 124325911
430568450 0 124325916
430568449 0 124325919
430568446 0 124325920
430568445 0 124325920
430568445 1 124325921
430568444 1 124325919
430568447 1 124325915
430568449 0 124325911
430568451 0 124325906
430568455 0 124325900
430568457 0 124325896
430568459 1 124325894
430568461 1 124325889
430568463 1 124325884
430568465 1 124325880
430568466 1 124325875
430568465 0 124325870
430568465 0 124325868
430568465 0 124325865
430568465 0 124325866
430568465 1 124325864
430568461 1 124325863
430568457 1 124325863
430568453 1 124325864
430568449 0 124325867
430568444 0 124325869
430568440 0 124325873
430568434 0 124325876
430568429 0 124325879
430568425 0 124325882
430568421 0 124325885
430568415 0 124325892
430568408 0 124325900
430568401 0 124325908
430568393 0 124325919
430568385 0 124325928
430568378 0 124325936
430568370 0 124325944
430568362 0 124325953
430568354 0 124325963
430568348 0 124325974
430568341 0 124325986
430568333 0 124326002
430568326 0 124326016
430568318 0 124326028
430568312 0 124326038
430568308 1 124326052
430568303 1 124326065
430568299 1 124326079
430568295 1 124326095
430568291 1 124326112
430568287 1 124326126
430568284 0 124326140
430568279 0 124326152
430568274 1 124326165
430568267 1 124326179
430568261 1 124326187
430568254 1 124326195
430568248 1 124326205
430568242 1 124326214
430568238 1 124326222
430568236 1 124326228
430568234 1 124326236
430568233 0 124326244
430568232 0 124326256
430568230 0 124326266
430568230 1 124326278
430568229 1 124326287
430568230 1 124326297
430568231 1 124326302
430568235 1 124326302
430568236 1 124326301
430568238 0 124326298
430568243 1 124326294
430568251 1 124326291
430568260 0 124326289
430568270 0 124326285
430568279 0 124326280
430568286 0 124326275
430568290 0 124326265
430568296 1 124326259
430568301 1 124326250
430568307 1 124326244
430568312 0 124326236
430568317 0 124326228
430568322 0 124326223
430568327 0 124326219
430568335 0 124326214
430568342 0 124326208
430568349 0 124326203
430568358 0 124326194
430568365 0 124326187
430568372 0 124326182
430568376 1 124326178
430568378 1 124326175
430568380 1 124326172
430568381 1 124326168
430568383 1 124326165
430568384 0 124326163
430568387 0 124326162
430568389 0 124326162
430568390 0 124326160
430568390 0 124326157
430568390 0 124326156
430568391 0 124326155
430568393 0 124326152
430568393 0 124326143
430568393 0 124326130
430568391 0 124326119
430568388 0 124326110
430568387 0 124326096
430568386 0 124326082
430568382 0 124326064
430568377 0 124326049
430568370 1 124326033
430568364 0 124326019
430568357 0 124326008
430568350 0 124326001
430568343 0 124325991
430568336 0 124325983
430568329 0 124325980
430568325 0 124325977
430568321 0 124325974
430568317 0 124325970
430568314 1 124325966
430568311 1 124325964
430568306 1 124325961
430568302 1 124325958
430568299 1 124325958
430568297 0 124325959
430568292 0 124325961
430568290 0 124325961
430568287 0 124325960
430568286 0 124325957
430568284 0 124325952
430568284 0 124325945
430568282 0 124325938
430568281 0 124325932
430568279 0 124325926
430568276 0 124325917
430568272 0 124325909
430568268 0 124325901
430568264 0 124325895
430568258 0 124325889
430568254 0 124325887
430568250 0 124325886
430568246 0 124325884
430568242 0 124325883
430568237 1 124325882
430568232 1 124325881
430568228 1 124325881
430568222 1 124325882
430568216 2 124325884
430568210 1 124325885
430568203 1 124325889
430568197 1 124325892
430568190 1 124325893
430568182 1 124325897
430568172 1 124325900
430568164 1 124325904
430568155 0 124325907
430568147 0 124325909
430568139 0 124325911
430568130 0 124325912
430568123 0 124325913
430568117 0 124325912
430568108 0 124325915
430568101 0 124325916
430568095 0 124325919
430568090 0 124325922
430568085 0 124325924
430568083 0 124325925
430568080 0 124325925
430568079 0 124325925
430568081 0 124325925
430568083 1 124325922
430568085 1 124325918
430568087 1 124325916
430568090 0 124325912
430568093 0 124325910
430568096 1 124325907
430568098 1 124325904
430568100 1 124325899
430568102 0 124325893
430568106 1 124325886
430568109 1 124325880
430568112 1 124325876
430568114 0 124325874
430568115 0 124325874
430568115 0 124325877
430568112 0 124325879
430568109 1 124325881
430568105 0 124325884
430568101 0 124325888
430568095 0 124325894
430568085 0 124325903
430568074 0 124325913
430568065 0 124325925
430568054 0 124325936
430568042 0 124325948
430568032 0 124325960
430568021 0 124325973
430568011 0 124325986
430568000 0 124325998
430567990 0 124326008
430567980 0 124326018
430567969 0 124326026
430567961 0 124326034
430567954 0 124326039
430567950 0 124326043
430567944 0 124326044
430567939 1 124326043
430567936 1 124326042
430567934 1 124326039
430567931 1 124326035
430567929 1 124326031
430567928 1 124326027
430567925 1 124326023
430567924 1 124326020
430567924 1 124326017
430567925 1 124326014
430567924 1 124326012
430567924 1 124326010
430567925 0 124326008
430567927 0 124326006
430567929 0 124326003
430567932 1 124326003
430567936 1 124326002
430567939 1 124326000
430567940 0 124325996
430567941 0 124325992
430567941 1 124325989
430567944 1 124325992
430567949 1 124325994
430567956 1 124326001
430567964 1 124326006
430567973 1 124326010
430567980 1 124326015
430567989 1 124326020
430567988 1 124326021
430567994 1 124326033
430568000 1 124326049
430567997 1 124326061
430567992 0 124326068
430567986 0 124326077
430567985 0 124326086
430567984 0 124326096
430567981 0 124326104
430567980 0 124326110
430567984 0 124326118
430567986 0 124326131
430567989 0 124326142
430567995 0 124326152
430568000 0 124326152
430568006 0 124326161
430568006 1 124326164
430568016 1 124326172
430568024 2 124326176
430568022 2 124326182
430568023 2 124326194
430568024 2 124326209
430568020 1 124326220
430568018 0 124326228
430568017 0 124326236
430568020 1 124326243
430568020 1 124326252
430568018 1 124326255
430568020 0 124326256
430568023 0 124326258
430568028 0 124326266
430568030 0 124326272
430568033 0 124326279
430568036 0 124326286
430568037 0 124326301
430568037 0 124326314
430568040 1 124326324
430568044 1 124326335
430568052 0 124326345
430568058 0 124326357
430568064 0 124326369
430568069 0 124326379
430568073 1 124326396
430568078 1 124326412
430568084 1 124326426
430568093 1 124326440
430568101 1 124326452
430568105 1 124326469
430568108 0 124326484
430568112 0 124326493
430568113 0 124326511
430568113 0 124326525
430568111 0 124326538
430568111 0 124326552
430568110 0 124326560
430568106 1 124326567
430568101 0 124326578
430568096 0 124326588
430568093 0 124326594
430568089 0 124326603
430568080 0 124326615
430568074 0 124326623
430568066 1 124326632
430568057 1 124326639
430568053 1 124326644
430568050 1 124326662
430568044 1 124326673
430568040 1 124326674
430568038 1 124326681
430568036 2 124326687
430568029 3 124326686
430568023 3 124326690
430568019 0 124326697
430568016 0 124326713
430568012 0 124326721
430568004 0 124326720
430567994 0 124326715
430567986 0 124326716
430567982 0 124326720
430567976 0 124326722
430567971 1 124326722
430567963 2 124326712
430567958 2 124326703
430567955 1 124326700
430567952 0 124326701
430567949 1 124326700
430567946 0 124326705
430567943 0 124326712
430567940 -1 124326716
430567938 -1 124326715
430567934 0 124326718
430567932 0 124326717
430567928 0 124326716
430567923 0 124326715
430567920 0 124326707
430567919 0 124326700
430567918 0 124326693
430567919 0 124326688
430567919 1 124326685
430567918 1 124326682
430567922 1 124326681
430567930 1 124326678
430567939 1 124326673
430567950 1 124326669
430567960 1 124326670
430567970 1 124326671
430567981 0 124326670
430567990 0 124326670
430567998 0 124326669
430568007 0 124326669
430568013 1 124326669
430568024 0 124326666
430568030 0 124326664
430568038 0 124326663
430568046 1 124326656
430568053 1 124326650
430568060 1 124326646
430568064 1 124326649
430568070 1 124326649
430568075 1 124326652
430568081 0 124326658
430568082 0 124326661
430568086 0 124326663
430568090 0 124326664
430568093 0 124326665
430568097 0 124326666
430568100 0 124326667
430568103 0 124326667
430568103 0 124326663
430568104 0 124326656
430568108 0 124326649
430568112 0 124326643
430568115 0 124326635
430568120 0 124326630
430568125 0 124326626
430568131 0 124326619
430568133 0 124326609
430568132 0 124326599
430568130 0 124326586
430568130 1 124326570
430568129 0 124326556
430568128 0 124326541
430568127 0 124326530
430568127 0 124326520
430568127 0 124326511
430568128 0 124326501
430568127 0 124326490
430568127 0 124326478
430568126 0 124326466
430568125 0 124326455
430568124 0 124326447
430568124 0 124326442
430568123 0 124326438
430568121 0 124326430
430568122 0 124326424
430568121 0 124326415
430568121 0 124326409
430568118 0 124326403
430568116 0 124326399
430568114 0 124326396
430568112 0 124326393
430568109 0 124326390
430568107 1 124326390
430568106 1 124326391
430568105 0 124326391
430568104 0 124326392
430568103 0 124326399
430568104 1 124326401
430568102 1 124326401
430568100 0 124326400
430568098 0 124326403
430568096 0 124326403
430568094 0 124326402
430568093 0 124326398
430568092 0 124326394
430568093 0 124326396
430568092 0 124326393
430568091 0 124326393
430568089 0 124326387
430568093 0 124326389
430568095 0 124326390
430568094 0 124326388
430568099 0 124326394
430568100 0 124326392
430568100 0 124326383
430568098 0 124326371
430568094 0 124326357
430568090 0 124326345
430568085 0 124326335
430568078 0 124326326
430568073 0 124326321
430568069 0 124326315
430568065 0 124326311
430568064 0 124326313
430568064 0 124326309
430568064 -1 124326290
430568066 0 124326280
430568066 0 124326265
430568064 -1 124326234
430568064 -1 124326212
430568063 0 124326198
430568064 0 124326189
430568067 0 124326187
430568069 0 124326187
430568072 0 124326182
430568073 0 124326178
430568076 0 124326174
430568078 0 124326170
430568081 0 124326166
430568083 0 124326163
430568083 0 124326162
430568082 1 124326162
430568079 1 124326157
430568074 1 124326148
430568071 1 124326142
430568070 0 124326141
430568070 0 124326141
430568069 0 124326138
430568067 0 124326135
430568065 0 124326130
430568061 0 124326119
430568058 0 124326105
430568054 0 124326093
430568052 0 124326085
430568054 0 124326086
430568055 0 124326088
430568057 0 124326092
430568061 0 124326099
430568065 0 124326106
430568069 0 124326113
430568073 0 124326119
430568078 0 124326127
430568083 0 124326134
430568091 0 124326140
430568096 0 124326145
430568102 0 124326153
430568106 0 124326159
430568108 0 124326170
430568112 0 124326177
430568115 0 124326182
430568116 0 124326187
430568119 0 124326189
430568123 0 124326192
430568127 0 124326190
430568129 0 124326183
430568130 0 124326176
430568131 0 124326160
430568131 0 124326149
430568132 0 124326140
430568132 0 124326133
430568134 0 124326132
430568134 0 124326129
430568135 0 124326126
430568136 -1 124326120
430568137 0 124326110
430568139 0 124326104
430568143 0 124326099
430568149 0 124326096
430568152 0 124326087
430568154 0 124326078
430568156 0 124326067
430568156 0 124326056
430568156 0 124326045
430568157 0 124326036
430568160 0 124326021
430568163 0 124326013
430568164 0 124326004
430568163 0 124325990
430568161 0 124325976
430568159 0 124325966
430568162 1 124325964
430568166 1 124325967
430568171 1 124325968
430568176 1 124325966
430568182 2 124325969
430568187 2 124325967
430568189 1 124325960
430568191 1 124325955
430568193 0 124325950
430568195 0 124325944
430568198 0 124325931
430568199 0 124325922
430568200 0 124325916
430568200 0 124325908
430568202 0 124325907
430568203 0 124325905
430568202 0 124325903
430568202 0 124325905
430568203 -1 124325914
430568204 0 124325922
430568205 0 124325923
430568211 0 124325933
430568220 0 124325949
430568229 0 124325974
430568240 0 124326001
430568251 0 124326026
430568260 0 124326044
430568272 0 124326069
430568286 1 124326105
430568300 2 124326140
430568309 3 124326169
430568316 3 124326198
430568325 2 124326231
430568333 2 124326262
430568342 2 124326292
430568349 2 124326317
430568354 1 124326348
430568357 1 124326376
430568360 1 124326405
430568363 1 124326437
430568367 1 124326469
430568367 1 124326499
430568366 2 124326527
430568365 2 124326550
430568364 3 124326570
430568362 3 124326585
430568364 3 124326609
430568368 3 124326625
430568370 3 124326643
430568372 3 124326664
430568376 3 124326678
430568380 3 124326697
430568382 2 124326703
430568384 2 124326708
430568386 2 124326714
430568389 2 124326725
430568390 1 124326730
430568394 1 124326731
430568396 1 124326731
430568399 1 124326742
430568404 2 124326755
430568408 1 124326769
430568413 1 124326783
430568416 1 124326792
430568421 1 124326799
430568424 1 124326800
430568424 0 124326808
430568424 0 124326817
430568423 0 124326822
430568422 0 124326825
430568420 0 124326831
430568416 0 124326828
430568414 1 124326831
430568410 1 124326835
430568407 1 124326843
430568402 0 124326836
430568387 0 124326830
430568384 0 124326815
430568379 0 124326796
430568373 0 124326782
430568370 0 124326770
430568371 0 124326751
430568369 1 124326721
430568366 1 124326695
430568360 1 124326665
430568353 0 124326627
430568344 -1 124326592
430568337 -2 124326562
430568330 -2 124326530
430568324 -2 124326502
430568318 -2 124326469
430568309 -3 124326429
430568297 -3 124326373
430568286 -3 124326322
430568278 -2 124326278
430568268 0 124326241
430568260 -1 124326217
430568256 -2 124326204
430568252 -1 124326190
430568246 -1 124326175
430568245 -2 124326168
430568244 -4 124326161
430568243 -5 124326153
430568240 -4 124326146
430568237 -3 124326143
430568236 -3 124326148
430568235 -3 124326151
430568234 -1 124326154
430568233 -1 124326155
430568232 -1 124326160
430568233 -1 124326169
430568236 -1 124326186
430568238 0 124326213
430568239 0 124326234
430568242 0 124326254
430568244 0 124326278
430568245 0 124326298
430568247 0 124326325
430568248 0 124326348
430568252 0 124326370
430568259 -1 124326392
430568261 0 124326411
430568261 0 124326430
430568264 0 124326451
430568263 0 124326470
430568264 0 124326489
430568264 0 124326500
430568264 0 124326511
430568262 0 124326523
430568259 0 124326532
430568252 1 124326541
430568245 1 124326552
430568240 1 124326567
430568237 2 124326584
430568234 1 124326596
430568232 1 124326606
430568228 0 124326610
430568224 1 124326612
430568220 0 124326617
430568215 0 124326614
430568208 0 124326615
430568201 0 124326611
430568194 0 124326606
430568188 0 124326603
430568180 0 124326597
430568170 0 124326590
430568162 0 124326584
430568159 0 124326580
430568154 0 124326566
430568145 -1 124326553
430568136 -1 124326538
430568128 -1 124326524
430568120 0 124326511
430568112 0 124326495
430568105 0 124326487
430568096 -1 124326479
430568088 -1 124326472
430568079 0 124326463
430568073 0 124326467
430568072 0 124326470
430568076 1 124326473
430568081 1 124326481
430568081 1 124326485
430568079 1 124326488
430568082 1 124326505
430568086 1 124326518
430568089 1 124326529
430568090 0 124326533
430568090 0 124326540
430568090 0 124326549
430568088 0 124326551
430568086 0 124326552
430568090 0 124326553
430568094 0 124326554
430568094 0 124326552
430568095 0 124326553
430568096 0 124326559
